0.9978151321411133
0.9950605630874634
0.9921204447746277
0.9891164898872375
0.9870319962501526
0.984490692615509
0.983056366443634
0.9818187355995178
0.9805367588996887
0.9795194864273071
0.9779869318008423
0.9768251776695251
0.9745842218399048
0.9732655882835388
0.9719154834747314
0.9702813029289246
0.967931866645813
0.9653052091598511
0.9635051488876343
0.9618905782699585
0.9591515064239502
0.9577498435974121
0.9568667411804199
0.9550524353981018
0.9538445472717285
0.9520000219345093
0.9507319331169128
0.9499973058700562
0.9486885666847229
0.9470764994621277
0.9457775354385376
0.9490047693252563
